angle	angular_velocity	angular_acceleration
5.000000000000000000e-01	5.000000000000000000e-01	-4.854574206574675088e+00
5.024371374042857497e-01	4.757213810247764019e-01	-4.866841963327715348e+00
5.047528257314146671e-01	4.513771111589652274e-01	-4.879434620157041991e+00
5.069467495452786299e-01	4.269726490578497069e-01	-4.890940291290235109e+00
5.090186217090368892e-01	4.025134212780494547e-01	-4.901361152852217629e+00
5.109681820577762767e-01	3.780048395481259149e-01	-4.910700151775614586e+00
5.127951975272857510e-01	3.534523011132161829e-01	-4.918960185214956482e+00
5.144994621243420552e-01	3.288611886514067328e-01	-4.926144175139768322e+00
5.160807966791353119e-01	3.042368695841735082e-01	-4.932255465641304681e+00
5.175390482197865794e-01	2.795846943459303624e-01	-4.937297127294385746e+00
5.188740910205514867e-01	2.549099992839765072e-01	-4.941272045524357281e+00
5.200858262845982072e-01	2.302181057808746212e-01	-4.944183238483546461e+00
5.211741815259879340e-01	2.055143191620204257e-01	-4.946034259505367459e+00
5.221391098445241630e-01	1.808039274647716133e-01	-4.946828140169245103e+00
5.229805915756396972e-01	1.560922042389661923e-01	-4.946567911328500600e+00
5.236986336780606877e-01	1.313844075075426276e-01	-4.945256693447909413e+00
5.242932688786249296e-01	1.066857793001197152e-01	-4.942897794840099834e+00
5.247645553892769099e-01	8.200154550879051873e-02	-4.939494299416622880e+00
5.251125783458672203e-01	5.733691662126490229e-02	-4.935049342180327869e+00
5.253374491787743406e-01	3.269708740208962516e-02	-4.929566064940070547e+00
5.254393045223966219e-01	8.087237136481462141e-03	-4.923047528204174128e+00
5.254183065289089738e-01	-1.648747044054760941e-02	-4.915496903959943431e+00
5.252746438608456581e-01	-4.102188736840524375e-02	-4.906917328054273497e+00
5.250085311316511349e-01	-6.551088132365523453e-02	-4.897311890203027929e+00
5.246202071821008950e-01	-8.994933474685536112e-02	-4.886683495737464966e+00
5.241099366117101255e-01	-1.143321456183666179e-01	-4.875035398199820236e+00
5.234780104084655328e-01	-1.386542277773736842e-01	-4.862370708316944956e+00
5.227247453180660086e-01	-1.629105106023437666e-01	-4.848692536742404968e+00
5.218504838439228521e-01	-1.870959390110262521e-01	-4.834003993931901277e+00
5.208555926221893895e-01	-2.112054730332295904e-01	-4.818307968566486466e+00
5.197404611823511766e-01	-2.352340874849648267e-01	-4.801607619230395585e+00
5.185055063802546105e-01	-2.591767731339421066e-01	-4.783906068956284230e+00
5.171511704606440718e-01	-2.830285361901880847e-01	-4.765206405866507566e+00
5.156779209978673562e-01	-3.067843982904568945e-01	-4.745511718083378128e+00
5.140862504202985406e-01	-3.304393968238190094e-01	-4.724825384791927263e+00
5.123766728705311246e-01	-3.539885870812258251e-01	-4.703150776286378232e+00
5.105497288000675482e-01	-3.774270391099073807e-01	-4.680490793582038123e+00
5.086059840778320851e-01	-4.007498383236992590e-01	-4.656848581359781747e+00
5.065460294896558802e-01	-4.239520858457038188e-01	-4.632227284300569181e+00
5.043704807111253352e-01	-4.470288985702293161e-01	-4.606630292589244391e+00
5.020799753214959527e-01	-4.699754159746998283e-01	-4.580062824725359860e+00
4.996751749113207963e-01	-4.927867953116966127e-01	-4.552527000057352780e+00
4.971567669224880026e-01	-5.154582074114356649e-01	-4.524026143173955461e+00
4.945254632817310814e-01	-5.379848397990265596e-01	-4.494563596058810617e+00
4.917820004006284718e-01	-5.603618966944723390e-01	-4.464142700695845178e+00
4.889271380418943047e-01	-5.825846036248396587e-01	-4.432769468316678285e+00
4.859616573888110302e-01	-6.046482152782127750e-01	-4.400447576698127250e+00
4.828863649257265078e-01	-6.265479997170135817e-01	-4.367180298626578860e+00
4.797020910834724483e-01	-6.482792438887250430e-01	-4.332971489302622103e+00
4.764096895990403979e-01	-6.698372576677950052e-01	-4.297827036530748046e+00
4.730100367729985766e-01	-6.912173788220504766e-01	-4.261750876887106187e+00
4.695040331230075359e-01	-7.124149619539490441e-01	-4.224746874206516623e+00
4.658926027753312882e-01	-7.334253825701650964e-01	-4.186819255813986729e+00
4.621766924059290127e-01	-7.542440440240880672e-01	-4.147975821710701894e+00
4.583572701663296001e-01	-7.748663845540485484e-01	-4.108220668211970406e+00
4.544353284040459351e-01	-7.952878594577513782e-01	-4.067558130609597811e+00
4.504118826112721297e-01	-8.155039479809594871e-01	-4.025993068786988260e+00
4.462879701500605534e-01	-8.355101624420138151e-01	-3.983534806652130555e+00
4.420646493029237734e-01	-8.553020550430669999e-01	-3.940187743326987402e+00
4.377430021274433258e-01	-8.748751973903761137e-01	-3.895956959093325622e+00
4.333241333006676577e-01	-8.942251887848904346e-01	-3.850848082153106589e+00
4.288091687554198561e-01	-9.133476663642420279e-01	-3.804871532162621861e+00
4.241992547175449935e-01	-9.322383122673600919e-01	-3.758032795065332721e+00
4.194955603235680508e-01	-9.508928341543785301e-01	-3.710338114526734898e+00
4.146992762132084565e-01	-9.693069756293725137e-01	-3.661796217508083373e+00
4.098116128994145901e-01	-9.874765281610401457e-01	-3.612415326042878405e+00
4.048338028825476664e-01	-1.005397315622734267e+00	-3.562201958906996424e+00
3.997671000459996349e-01	-1.023065198707503898e+00	-3.511164751147362040e+00
3.946127772317687410e-01	-1.040476092576900768e+00	-3.459314890716541413e+00
3.893721280981456978e-01	-1.057625953341035707e+00	-3.406659033746677778e+00
3.840464674830988967e-01	-1.074510775413685337e+00	-3.353205737982307255e+00
3.786371291323910593e-01	-1.091126607458675624e+00	-3.298968269474130466e+00
3.731454656847961737e-01	-1.107469552492711840e+00	-3.243954237890307013e+00
3.675728506959680120e-01	-1.123535753807322957e+00	-3.188172832218015174e+00
3.619206769940716550e-01	-1.139321406164993000e+00	-3.131637850853849159e+00
3.561903533994835169e-01	-1.154822777541486323e+00	-3.074358263586418616e+00
3.503833103609033106e-01	-1.170036171768843003e+00	-3.016345099366048998e+00
3.445009964824116699e-01	-1.184957951398241782e+00	-2.957610541919279967e+00
3.385448762202614148e-01	-1.199584551574393032e+00	-2.898168518818010853e+00
3.325164327950906329e-01	-1.213912462134927761e+00	-2.838029395339731309e+00
3.264171674935906764e-01	-1.227938232038256805e+00	-2.777205805681205675e+00
3.202485988327914979e-01	-1.241658474640229715e+00	-2.715710916772650307e+00
3.140122616218424256e-01	-1.255069871259413938e+00	-2.653558778126239304e+00
3.077097065666531961e-01	-1.268169173739451372e+00	-2.590763512590683604e+00
3.013425004162847420e-01	-1.280953206010543299e+00	-2.527339908651015321e+00
2.949122252431358171e-01	-1.293418867251229676e+00	-2.463303293139006200e+00
2.884204783899735891e-01	-1.305563130821414175e+00	-2.398666852794804072e+00
2.818688735800237155e-01	-1.317383031900372981e+00	-2.333444964734894711e+00
2.752590385064669354e-01	-1.328875689314913178e+00	-2.267654433635584610e+00
2.685926150023466019e-01	-1.340038302307939633e+00	-2.201311300611337174e+00
2.618712588015493226e-01	-1.350868151140427909e+00	-2.134431899530454757e+00
2.550966386837035804e-01	-1.361362597373715566e+00	-2.067032562372332904e+00
2.482704363989136354e-01	-1.371519086559092715e+00	-1.999130511497810403e+00
2.413943464944791339e-01	-1.381335150624821484e+00	-1.930743120241118049e+00
2.344700757855125439e-01	-1.390808409163902137e+00	-1.861888112783390170e+00
2.274993426664816132e-01	-1.399936570469003438e+00	-1.792583151652706874e+00
2.204838761887587539e-01	-1.408717432025022420e+00	-1.722846569464309141e+00
2.134254166072982739e-01	-1.417148884406945530e+00	-1.652697078568735378e+00
2.063257146207873871e-01	-1.425228912149303140e+00	-1.582153644505410739e+00
1.991865308798969614e-01	-1.432955595152097805e+00	-1.511235316065835832e+00
1.920096348353316218e-01	-1.440327107465628975e+00	-1.439961117017446668e+00
1.847968049614961694e-01	-1.447341721467563236e+00	-1.368351091411341258e+00
1.775498283329408067e-01	-1.453997809502975302e+00	-1.296425299304814871e+00
1.702705000385576761e-01	-1.460293844888402415e+00	-1.224204078629668402e+00
1.629606222719437170e-01	-1.466228400468216675e+00	-1.151706778192647107e+00
1.556220037566196368e-01	-1.471800149348565734e+00	-1.078954626857921539e+00
1.482564600229266116e-01	-1.477007871169723208e+00	-1.005968708797354338e+00
1.408658125740490374e-01	-1.481850451154483217e+00	-9.327702946422959940e-01
1.334518884075452105e-01	-1.486326881468406302e+00	-8.593809293676031302e-01
1.260165191747286140e-01	-1.490436259449206879e+00	-7.858204976432716649e-01
1.185615398894933475e-01	-1.494177781945172478e+00	-7.121106039267033339e-01
1.110887898893607173e-01	-1.497550759103608575e+00	-6.382736338655377040e-01
1.036001118168810853e-01	-1.500554611063215971e+00	-5.643316254416959055e-01
9.609735105752176265e-02	-1.503188868588633431e+00	-4.903068308738056658e-01
8.858235512720057103e-02	-1.505453172621378011e+00	-4.162203471692009771e-01
8.105697244746989938e-02	-1.507347264601469838e+00	-3.420931879037425460e-01
7.352305270862606601e-02	-1.508871000722193045e+00	-2.679487011017727127e-01
6.598244618577613074e-02	-1.510024350403884830e+00	-1.938093252333601413e-01
5.843700310500959255e-02	-1.510807395522899332e+00	-1.196976447195083892e-01
5.088857309354455349e-02	-1.511220330719894589e+00	-4.563565282194304018e-02
4.333900420303395118e-02	-1.511263452162162846e+00	2.835672684921064501e-02
3.579014273408966107e-02	-1.510937167978799067e+00	1.022555533436388941e-01
2.824383279453131224e-02	-1.510242001493123931e+00	1.760384029955730512e-01
2.070191562700239227e-02	-1.509178588216571359e+00	2.496827838380113462e-01
1.316622906033082865e-02	-1.507747676189588049e+00	3.231662996065551852e-01
5.638606881174765967e-03	-1.505950117010658396e+00	3.964699570911989213e-01
-1.879121706634147987e-03	-1.503786867109697001e+00	4.695701447183182609e-01
-9.385132541345236890e-03	-1.501258998530541344e+00	5.424447325926848862e-01
-1.687760710410767667e-02	-1.498367693176499094e+00	6.150717358675592550e-01
-2.435473307111180388e-02	-1.495114242742185739e+00	6.874291833418055830e-01
-3.181470475964542216e-02	-1.491500042533277615e+00	7.594978529366471776e-01
-3.925572361442580815e-02	-1.487526587606810002e+00	8.312566680069721770e-01
-4.667599891072651830e-02	-1.483195481401952565e+00	9.026833323273422138e-01
-5.407374830673371963e-02	-1.478508435684227074e+00	9.737568338491655595e-01
-6.144719833618132038e-02	-1.473467267048912177e+00	1.044456217811898568e+00
-6.879458485594450168e-02	-1.468073894425075521e+00	1.114762323533568633e+00
-7.611415307901678307e-02	-1.462330327538759578e+00	1.184655873639371748e+00
-8.340415878877635580e-02	-1.456238680945881825e+00	1.254115955520319403e+00
-9.066286868629042095e-02	-1.449801169214216534e+00	1.323122930738009018e+00
-9.788856084144355318e-02	-1.443020104308027296e+00	1.391657448801538521e+00
-1.050795251975703837e-01	-1.435897894083999482e+00	1.459700473440875612e+00
-1.122340639426466780e-01	-1.428437040524994206e+00	1.527233403103878118e+00
-1.193504915024741209e-01	-1.420640137464642239e+00	1.594237968343804823e+00
-1.264271357476702273e-01	-1.412509869410336405e+00	1.660696228043661904e+00
-1.334623382411175008e-01	-1.404049009269776382e+00	1.726590711084668328e+00
-1.404544546420625206e-01	-1.395260416108293988e+00	1.791904399336885945e+00
-1.474018551500995700e-01	-1.386147032819045055e+00	1.856620754443611077e+00
-1.543029248906964135e-01	-1.376711886745958013e+00	1.920721677508254288e+00
-1.611560641757034396e-01	-1.366958097199633571e+00	1.984190371952649912e+00
-1.679596891445417628e-01	-1.356888859928963464e+00	2.047011468142727608e+00
-1.747122320956054631e-01	-1.346507449424164671e+00	2.109169250952277253e+00
-1.814121418668874219e-01	-1.335817217797735212e+00	2.170648359722349596e+00
-1.880578842298359366e-01	-1.324821591786645048e+00	2.231434500002706045e+00
-1.946479422848390595e-01	-1.313524068609680073e+00	2.291513255928066428e+00
-2.011808167978368644e-01	-1.301928217630033524e+00	2.350870550099671163e+00
-2.076550265738939527e-01	-1.290037676814159484e+00	2.409492891134505044e+00
-2.140691088120261765e-01	-1.277856150386348810e+00	2.467367239511986554e+00
-2.204216193350868325e-01	-1.265387408754926835e+00	2.524479891314285851e+00
-2.267111328145577365e-01	-1.252635288326817475e+00	2.580818668884603539e+00
-2.329362433262281429e-01	-1.239603684732993649e+00	2.636371639999083527e+00
-2.390955645491220638e-01	-1.226296552721879207e+00	2.691127168726438867e+00
-2.451877300529527459e-01	-1.212717904136147107e+00	2.745074029759848599e+00
-2.512113936031305506e-01	-1.198871806106252214e+00	2.798201303775499582e+00
-2.571652294376267633e-01	-1.184762379031368607e+00	2.850498613468857911e+00
-2.630479324965045440e-01	-1.170393794143292032e+00	2.901955963527598215e+00
-2.688582186913002214e-01	-1.155770271582173381e+00	2.952563773804286029e+00
-2.745948251489044312e-01	-1.140896078297291227e+00	3.002312846538075064e+00
-2.802565103982628258e-01	-1.125775527348443994e+00	3.051193955563348936e+00
-2.858420546045693511e-01	-1.110412975495808308e+00	3.099198847882803420e+00
-2.913502598145251143e-01	-1.094812820161417566e+00	3.146319470698358600e+00
-2.967799501363113102e-01	-1.078979498032655249e+00	3.192548162262255573e+00
-3.021299719299536113e-01	-1.062917483105101812e+00	3.237877603645529234e+00
-3.073991940217581376e-01	-1.046631285805326161e+00	3.282300609380058631e+00
-3.125865078563774824e-01	-1.030125450465842141e+00	3.325810738506106645e+00
-3.176908276462236391e-01	-1.013404553036653111e+00	3.368401783613421685e+00
-3.227110905346904368e-01	-9.964731995529479969e-01	3.410067906783012859e+00
-3.276462567408483517e-01	-9.793360243373054885e-01	3.450803545382598259e+00
-3.324953097345405006e-01	-9.619976894484231211e-01	3.490603328765473634e+00
-3.372572563271692414e-01	-9.444628818512380564e-01	3.529462516456760568e+00
-3.419311267891794182e-01	-9.267363117197175981e-01	3.567376594236009169e+00
-3.465159749643436649e-01	-9.088227109536460846e-01	3.604341377554817427e+00
-3.510108783896273010e-01	-8.907268317523042711e-01	3.640352791932798482e+00
-3.554149385695454799e-01	-8.724534468780732466e-01	3.675407020998591179e+00
-3.597272808013477485e-01	-8.540073454633444472e-01	3.709501021937740006e+00
-3.639470542931088071e-01	-8.353933319199987606e-01	3.742631810462569319e+00
-3.680734322677558512e-01	-8.166162248265713686e-01	3.774796697914382548e+00
-3.721056120209935147e-01	-7.976808554682573993e-01	3.805993284443331959e+00
-3.760428149705288825e-01	-7.785920664121720458e-01	3.836219451713418493e+00
-3.798842866966858356e-01	-7.593547101202474670e-01	3.865473355129950050e+00
-3.836292969744979353e-01	-7.399736476021455678e-01	3.893753415590822442e+00
-3.872771397973684415e-01	-7.204537471105684210e-01	3.921058310760372478e+00
-3.908271336822411457e-01	-7.007998848874292808e-01	3.947385878104967105e+00
-3.942786220064238289e-01	-6.810169462333887092e-01	3.972735330634407092e+00
-3.976309721963955379e-01	-6.611098187380075597e-01	3.997105978530555603e+00
-4.008835761127245711e-01	-6.410833938960168732e-01	4.020497100251361644e+00
-4.040358500879638881e-01	-6.209425664314243143e-01	4.042908121362472684e+00
-4.070872349462433260e-01	-6.006922336062955337e-01	4.064338596923391833e+00
-4.100371960195030030e-01	-5.803372946193989801e-01	4.084788193123131350e+00
-4.128852231423476016e-01	-5.598826495819542171e-01	4.104257340817639488e+00
-4.156308303622479605e-01	-5.393331906375850027e-01	4.122747760218828716e+00
-4.182735561834308169e-01	-5.186938083123980858e-01	4.140259203733137383e+00
-4.208129635608471864e-01	-4.979693909805746888e-01	4.156792555908566555e+00
-4.232486398059796540e-01	-4.771648220053606448e-01	4.172348939707688942e+00
-4.255801965454607538e-01	-4.562849785287334536e-01	4.186929724436623701e+00
-4.278072697594836882e-01	-4.353347324787686379e-01	4.200534971542452922e+00
-4.299295200596932598e-01	-4.143189579499594322e-01	4.213165186254258288e+00
-4.319466323043558709e-01	-3.932425214506100053e-01	4.224821743978679933e+00
-4.338583157006062341e-01	-3.721102849640277599e-01	4.235505390349288746e+00
-4.356643038300797022e-01	-3.509271071354702620e-01	4.245216820738335173e+00
-4.373643544133052896e-01	-3.296978356898424001e-01	4.253960178274240889e+00
-4.389582491353741789e-01	-3.084273020123227682e-01	4.261736907786001893e+00
-4.404457938447609577e-01	-2.871203286186172488e-01	4.268549756662366690e+00
-4.418268183322667242e-01	-2.657817222588956807e-01	4.274401687606001587e+00
-4.431011765383959244e-01	-2.444162864370402755e-01	4.279291305436132120e+00
-4.442687465323207352e-01	-2.230288231618657024e-01	4.283220661854414857e+00
-4.453294303767550977e-01	-2.016241294827952613e-01	4.286189701805341201e+00
-4.462831540143535336e-01	-1.802069899236117545e-01	4.288204824352945366e+00
-4.471298670519080476e-01	-1.587821628920254857e-01	4.289267816116648646e+00
-4.478695429650317306e-01	-1.373543966625961343e-01	4.289382375971541705e+00
-4.485021789302648387e-01	-1.159284247039153448e-01	4.288548889148927401e+00
-4.490277957819411303e-01	-9.450898185686454345e-02	4.286769233812002255e+00
-4.494464378735412158e-01	-7.310078708669826009e-02	4.284045905376174801e+00
-4.497581730314200166e-01	-5.170854883168052307e-02	4.280381827306324993e+00
-4.499630927051058715e-01	-3.033695611964883077e-02	4.275780485452301605e+00
-4.500613117651074968e-01	-8.990685894014105797e-03	4.270244251691719839e+00
-4.500529684946196762e-01	1.232559893276062579e-02	4.263775923426374348e+00
-4.499382242922020381e-01	3.360724766685613263e-02	4.256377908993286496e+00
-4.497172637281653951e-01	5.484962373194339491e-02	4.248053227427487144e+00
-4.493902944639100450e-01	7.604810506208266319e-02	4.238804755754557618e+00
-4.489575472785191645e-01	9.719808464984025509e-02	4.228635612662891674e+00
-4.484192759711211340e-01	1.182949707212990059e-01	4.217548792290301662e+00
-4.477757572387392471e-01	1.393341868041380605e-01	4.205547422114136680e+00
-4.470272905893603599e-01	1.603111719843188787e-01	4.192634591198356020e+00
-4.461741982354217595e-01	1.812213810794128244e-01	4.178813533848042994e+00
-4.452168250664531590e-01	2.020602851831962976e-01	4.164087518350228834e+00
-4.441555385516971488e-01	2.228233719375251887e-01	4.148459919273619789e+00
-4.429907286815699674e-01	2.435061460348652840e-01	4.131934160814822121e+00
-4.417228078545656356e-01	2.641041293929377587e-01	4.114513736042823666e+00
-4.403522107943624864e-01	2.846128615499495806e-01	4.096202185881963942e+00
-4.388793944362406330e-01	3.050278998905013306e-01	4.077003153383742529e+00
-4.373048378823541360e-01	3.253448203490179047e-01	4.056920392061613256e+00
-4.356290423021748071e-01	3.455592177870101533e-01	4.035957735780527855e+00
-4.338525308427099159e-01	3.656667064648021492e-01	4.014119118177575274e+00
-4.319758485090923750e-01	3.856629203662725325e-01	3.991408455567409419e+00
-4.299995619822110648e-01	4.055435131748169608e-01	3.967829829614231585e+00
-4.279242596531532272e-01	4.253041595862718793e-01	3.943387482266786037e+00
-4.257505514825701276e-01	4.449405555975067261e-01	3.918085725596711200e+00
-4.234790688934822467e-01	4.644484190270775081e-01	3.891928984854018836e+00
-4.211104646417084818e-01	4.838234900489930546e-01	3.864921775749650124e+00
-4.186454126389178021e-01	5.030615316747164556e-01	3.837068749747402308e+00
-4.160846079455924884e-01	5.221583305320469659e-01	3.808374692367067382e+00
-4.134287666217785762e-01	5.411096974400718684e-01	3.778844509303326049e+00
-4.106786256053073791e-01	5.599114680524486243e-01	3.748483238378355509e+00
-4.078349425685022789e-01	5.785595036361089738e-01	3.717296120826176775e+00
-4.048984957383446881e-01	5.970496920303272059e-01	3.685288500160936564e+00
-4.018700838533559860e-01	6.153779479814841524e-01	3.652465850199348552e+00
-3.987505260015690722e-01	6.335402140407525584e-01	3.618833817723896118e+00
-3.955406614814768185e-01	6.515324613657272890e-01	3.584398209670609958e+00
-3.922413496380646181e-01	6.693506906283865909e-01	3.549165055928938273e+00
-3.888534696651678169e-01	6.869909330653530821e-01	3.513140519685123309e+00
-3.853779205423432663e-01	7.044492510241330274e-01	3.476330929990126606e+00
-3.818156208508679539e-01	7.217217389867459643e-01	3.438742814273041404e+00
-3.781675086135130592e-01	7.388045245148813223e-01	3.400382889818217791e+00
-3.744345411054135764e-01	7.556937692376665128e-01	3.361258084499922916e+00
-3.706176946331515842e-01	7.723856698921129915e-01	3.321375515910119702e+00
-3.667179644520112691e-01	7.888764592564754263e-01	3.280742505833984524e+00
-3.627363645551677229e-01	8.051624072267919985e-01	3.239366591483758384e+00
-3.586739274886240336e-01	8.212398218920187176e-01	3.197255527522770535e+00
-3.545317041349224652e-01	8.371050505783788065e-01	3.154417259611136615e+00
-3.503107634690875716e-01	8.527544808759014439e-01	3.110859984732542216e+00
-3.460121924471523669e-01	8.681845419477715042e-01	3.066592134005247772e+00
-3.416370957673552367e-01	8.833917056352106334e-01	3.021622368397913760e+00
-3.371865956571424849e-01	8.983724876449826757e-01	2.975959589865681210e+00
-3.326618316146994769e-01	9.131234485376304999e-01	2.929612821297723713e+00
-3.280639601363948277e-01	9.276411946910109174e-01	2.882591465069253900e+00
-3.233941546158555780e-01	9.419223802322505001e-01	2.834905170124784490e+00
-3.186536050566439737e-01	9.559637080235660056e-01	2.786563818429272033e+00
-3.138435178306599460e-01	9.697619309432451429e-01	2.737577553310870826e+00
-3.089651154339173589e-01	9.833138532032050794e-01	2.687956784232312657e+00
-3.040196362350742199e-01	9.966163316727429944e-01	2.637712128318582927e+00
-2.990083340054843219e-01	1.009666275540745506e+00	2.586854019706549934e+00
-2.939324777895014340e-01	1.022460648727661070e+00	2.535393882533355736e+00
-2.887933517521368842e-01	1.034996472182062144e+00	2.483343126307431703e+00
-2.835922548076383332e-01	1.047270824510931897e+00	2.430713429567845196e+00
-2.783305003336485894e-01	1.059280843349023948e+00	2.377516746785659052e+00
-2.730094158796304016e-01	1.071023726746339833e+00	2.323765311991792260e+00
-2.676303428497102121e-01	1.082496734192036403e+00	2.269471287134820159e+00
-2.621946360506888785e-01	1.093697185173580610e+00	2.214647038469706786e+00
-2.567036635714778359e-01	1.104622464238393942e+00	2.159305811709259615e+00
-2.511588064288183264e-01	1.115270021688976820e+00	2.103460814717664107e+00
-2.455614582169921012e-01	1.125637374483208664e+00	2.047125526124318640e+00
-2.399130247746231737e-01	1.135722107591754071e+00	1.990313697244914692e+00
-2.342149238453028193e-01	1.145521875365073106e+00	1.933039354004449706e+00
-2.284685847094087841e-01	1.155034401354023910e+00	1.875315938327503318e+00
-2.226754478032567652e-01	1.164257477693484644e+00	1.817158038945649423e+00
-2.168369644289382947e-01	1.173188971157013150e+00	1.758580478012618187e+00
-2.109545963592690809e-01	1.181826822432637814e+00	1.699598157354557770e+00
-2.050298154636737147e-01	1.190169047272879643e+00	1.640226227919811208e+00
-1.990641033291181694e-01	1.198213737738604623e+00	1.580480089523007337e+00
-1.930589508753877415e-01	1.205959063408541976e+00	1.520375262321749688e+00
-1.870158580373737500e-01	1.213403269027601539e+00	1.459926525569585465e+00
-1.809363333241357230e-01	1.220544677827405389e+00	1.399150423586092984e+00
-1.748218933739709990e-01	1.227381694731905615e+00	1.338063111815927186e+00
-1.686740625795519199e-01	1.233912805853246253e+00	1.276680947236513930e+00
-1.624943726748472594e-01	1.240136579533771544e+00	1.215020494068767221e+00
-1.562843623159591855e-01	1.246051667374588501e+00	1.153098521085667016e+00
-1.500455766840434191e-01	1.251656804714008642e+00	1.090931491221112992e+00
-1.437795672736627839e-01	1.256950807443663498e+00	1.028535923495610405e+00
-1.374878911807077830e-01	1.261932578229731039e+00	9.659294098197506173e-01
-1.311721107146442133e-01	1.266601106425571777e+00	9.031292474120391489e-01
-1.248337929939848656e-01	1.270955468174578495e+00	8.401528853787567641e-01
-1.184745095012260663e-01	1.274994827156007204e+00	7.770179195405262362e-01
-1.120958356323476374e-01	1.278718435304961876e+00	7.137420872566053731e-01
-1.056993503812895807e-01	1.282125631996188453e+00	6.503423528823759625e-01
-9.928663611618529505e-02	1.285215842156574917e+00	5.868367678129970955e-01
-9.285927758897818962e-02	1.287988582539619342e+00	5.232433863662890872e-01
-8.641886172809368216e-02	1.290443459492507383e+00	4.595802127419119643e-01
-7.996697716551089130e-02	1.292580169495873843e+00	3.958653274655716814e-01
-7.350521377217734964e-02	1.294398499529522795e+00	3.321168810954304718e-01
-6.703516219180088997e-02	1.295898327384994442e+00	2.683529993382762768e-01
-6.055841376294163192e-02	1.297079619391835692e+00	2.045911399301303391e-01
-5.407655982276183410e-02	1.297942432094824960e+00	1.408499015860797954e-01
-4.759119100394819390e-02	1.298486913909827845e+00	7.714745508565101773e-02
-4.110389695184787917e-02	1.298713303984050826e+00	1.350195987788538332e-02
-3.461626586368744124e-02	1.298621932144755631e+00	-5.006844109686880984e-02
-2.812988402709619071e-02	1.298213218784747935e+00	-1.135456343328087314e-01
-2.164633535824066202e-02	1.297487674681964354e+00	-1.769115492152195657e-01
-1.516720105306572711e-02	1.296445900776464155e+00	-2.401481567931114114e-01
-8.694059324289949570e-03	1.295088587895807830e+00	-3.032375130973150590e-01
-2.228484542825114045e-03	1.293416516269793037e+00	-3.661617618407717600e-01
4.227953045054216874e-03	1.291430555100510746e+00	-4.289031440398503037e-01
1.067368774572460127e-02	1.289131662019600943e+00	-4.914440179575194634e-01
1.710715885434749631e-02	1.286520882461416493e+00	-5.537668756658149505e-01
2.352681108705751561e-02	1.283599348952122909e+00	-6.158543601384280919e-01
2.993109502546265760e-02	1.280368280715385776e+00	-6.776888215953249528e-01
3.631846773841941600e-02	1.276828987594467613e+00	-7.392523687709626756e-01
4.268739298106560137e-02	1.272982863775482532e+00	-8.005285020307155719e-01
4.903634163259867201e-02	1.268831387329200533e+00	-8.615003204879485565e-01
5.536379215488061722e-02	1.264376120304166351e+00	-9.221511061416549637e-01
6.166823100578495281e-02	1.259618707778861202e+00	-9.824643376216499746e-01
6.794815304713876236e-02	1.254560876844640127e+00	-1.042423704158181863e+00
7.420206194691759960e-02	1.249204435518330936e+00	-1.102013071925398435e+00
8.042847071709080531e-02	1.243551274466973666e+00	-1.161215459422237473e+00
8.662590208580714379e-02	1.237603365420610002e+00	-1.220015600032525072e+00
9.279288872002854072e-02	1.231362756606634745e+00	-1.278397953312833124e+00
9.892797370805123114e-02	1.224831573541375729e+00	-1.336347165079587285e+00
1.050297109409089880e-01	1.218012017840267802e+00	-1.393848124243618258e+00
1.110966654873504489e-01	1.210906365979010912e+00	-1.450885972596665852e+00
1.171274139621196753e-01	1.203516968005930554e+00	-1.507446114561616923e+00
1.231205449150591658e-01	1.195846246834225690e+00	-1.563513796918186927e+00
1.290746592745921351e-01	1.187896698879166379e+00	-1.619074792726792111e+00
1.349883705506897957e-01	1.179670889380096455e+00	-1.674115391742247994e+00
1.408603052272539014e-01	1.171171452133068502e+00	-1.728621970566678101e+00
1.466891031075231444e-01	1.162401088296523222e+00	-1.782581184518448936e+00
1.524734176437773370e-01	1.153362564983488880e+00	-1.835979973791495468e+00
1.582119162591561212e-01	1.144058713823503659e+00	-1.888805569418082086e+00
1.639032806668911935e-01	1.134492429552235837e+00	-1.941045405995964757e+00
1.695462073111395629e-01	1.124666669909790029e+00	-1.992686989051094315e+00
1.751394075417828100e-01	1.114584452863610853e+00	-2.043718569082898284e+00
1.806816078876988252e-01	1.104248854909111177e+00	-2.094128500096644530e+00
1.861715503819182937e-01	1.093663009972234423e+00	-2.143905435740180110e+00
1.916079928402753818e-01	1.082830107905313310e+00	-2.193038332166111104e+00
1.969897091314308513e-01	1.071753392969343910e+00	-2.241516450607150546e+00
2.023154894380699842e-01	1.060436162304106089e+00	-2.289329357627934769e+00
2.075841406129152189e-01	1.048881764903548897e+00	-2.336466682168293119e+00
2.127944864751980525e-01	1.037093600331850940e+00	-2.382918657293885190e+00
2.179453678386228110e-01	1.025075116144229082e+00	-2.428675750315164805e+00
2.230356428478852682e-01	1.012829806882325157e+00	-2.473728705100654679e+00
2.280641872064449460e-01	1.000361212573024128e+00	-2.518068567205602903e+00
2.330298943941569445e-01	9.876729172230955811e-01	-2.561686683122104569e+00
2.379316758760466333e-01	9.747685473184500848e-01	-2.604574699180375319e+00
2.427684613370743871e-01	9.616517703628275626e-01	-2.646724532818666376e+00
2.475391990672633213e-01	9.483262935753924427e-01	-2.688128400988944122e+00
2.522428558784197139e-01	9.347958621639661514e-01	-2.728778846639045241e+00
2.568784173521468928e-01	9.210642579319860968e-01	-2.768668683866906122e+00
2.614448880402094333e-01	9.071352978627086339e-01	-2.807791013394648871e+00
2.659412916313106390e-01	8.930128326958187701e-01	-2.846139219124154351e+00
2.703666711094851460e-01	8.787007455221413910e-01	-2.883706964334180611e+00
2.747200889060740225e-01	8.642029503939196999e-01	-2.920488200428678738e+00
2.790006271918052949e-01	8.495233906412836822e-01	-2.956477233095768042e+00
2.832073879279188855e-01	8.346660377054064828e-01	-2.991668513052275102e+00
2.873394929277670595e-01	8.196348899562895252e-01	-3.026056806126632637e+00
2.913960840431172317e-01	8.044339712543550069e-01	-3.059637139936057793e+00
2.953763232869434097e-01	7.890673296569967743e-01	-3.092404798403435962e+00
2.992793929492145732e-01	7.735390361517806568e-01	-3.124355316264598059e+00
3.031044957116045269e-01	7.578531832987946970e-01	-3.155484554069630576e+00
3.068508547684820065e-01	7.420138836356934275e-01	-3.185788571626403609e+00
3.105177138938408632e-01	7.260252690657034158e-01	-3.215263622825432321e+00
3.141043375403131388e-01	7.098914894915719920e-01	-3.243906226784133651e+00
3.176100109238613745e-01	6.936167116343692207e-01	-3.271713129875138293e+00
3.210340401003504152e-01	6.772051179140728960e-01	-3.298681299337204109e+00
3.243757520365949110e-01	6.606609053559515665e-01	-3.324807939407889990e+00
3.276344947671272489e-01	6.439882839330767217e-01	-3.350090626088729095e+00
3.308096374040854215e-01	6.271914758537272538e-01	-3.374526901358933628e+00
3.339005701446683960e-01	6.102747148592746473e-01	-3.398114604369027347e+00
3.369067043608934275e-01	5.932422449850666135e-01	-3.420851772605942642e+00
3.398274726475081775e-01	5.760983195903180976e-01	-3.442736634495759063e+00
3.426623288647476784e-01	5.588472004208440147e-01	-3.463767602736481876e+00
3.454107481808562641e-01	5.414931565281456693e-01	-3.483943390350475511e+00
3.480722271215545560e-01	5.240404627852178754e-01	-3.503262826423167553e+00
3.506462835739555528e-01	5.064933999354480632e-01	-3.521724837245898243e+00
3.531324568188592972e-01	4.888562534586634589e-01	-3.539328568267990249e+00
3.555303075523448819e-01	4.711333126970274066e-01	-3.556073326607105400e+00
3.578394179016188281e-01	4.533288700628823054e-01	-3.571958574843279166e+00
3.600593914368377391e-01	4.354472202722550200e-01	-3.586983946281890212e+00
3.621898532021504691e-01	4.174926590013010586e-01	-3.601149390723776378e+00
3.642304497081866876e-01	3.994694824754300155e-01	-3.614454750385050374e+00
3.661808489195622074e-01	3.813819871191367894e-01	-3.626900104584507289e+00
3.680407402626247326e-01	3.632344686124545641e-01	-3.638485669747041129e+00
3.698098346201206255e-01	3.450312212260167599e-01	-3.649211792761803963e+00
3.714878643225860144e-01	3.267765371825686604e-01	-3.659078945677009642e+00
3.730745831342018315e-01	3.084747058900565442e-01	-3.668087830015878126e+00
3.745697662291588292e-01	2.901300127818419172e-01	-3.676239218853083912e+00
3.759732101864085019e-01	2.717467395650152717e-01	-3.683533928426186321e+00
3.772847329645797609e-01	2.533291633883184013e-01	-3.689972938276696368e+00
3.785041738772076392e-01	2.348815562289638115e-01	-3.695557338609759768e+00
3.796313935661065342e-01	2.164081843498320556e-01	-3.700288326298036168e+00
3.806662739721173305e-01	1.979133077732448953e-01	-3.704167215621424702e+00
3.816087182870793737e-01	1.794011793274057354e-01	-3.707195551853303073e+00
3.824586509270356260e-01	1.608760443531227491e-01	-3.709374792414195099e+00
3.832160175055776552e-01	1.423421404920583444e-01	-3.710706565511387112e+00
3.838807847871231749e-01	1.238036970016752197e-01	-3.711192597794308767e+00
3.844529406451761000e-01	1.052649342767075918e-01	-3.710834710453411844e+00
3.849324940185820942e-01	8.673006338294894646e-02	-3.709634816805966295e+00
3.853194748564663374e-01	6.820328551377405346e-02	-3.707594984393011828e+00
3.856139340334904797e-01	4.968879119411540729e-02	-3.704717346575893799e+00
3.858159433521036741e-01	3.119076033348116422e-02	-3.701004079184530227e+00
3.859255954732593308e-01	1.271336162755883070e-02	-3.696457478508193617e+00
3.859430038571304844e-01	-5.739247922346708830e-03	-3.691079930048459801e+00
3.858683027054526371e-01	-2.416292345273360689e-02	-3.684873907656024627e+00
3.857016469018800242e-01	-4.255353267871511691e-02	-3.677841979857756627e+00
3.854432119029362336e-01	-6.090695655773821493e-02	-3.669986869603480528e+00
3.850931936994858029e-01	-7.921908961000492799e-02	-3.661311286507945795e+00
3.846518087832069277e-01	-9.748584020675413186e-02	-3.651818068832909603e+00
3.841192940549212897e-01	-1.157031311264203888e-01	-3.641510145489043282e+00
3.834959067542683675e-01	-1.338669000037116807e-01	-3.630390535520447770e+00
3.827819243877947364e-01	-1.519730997813367457e-01	-3.618462348717599752e+00
3.819776446555291916e-01	-1.700176991652036229e-01	-3.605728786404597486e+00
3.810833853431818685e-01	-1.879966831616950995e-01	-3.592193194765684439e+00
3.800994841454305440e-01	-2.059060537794961121e-01	-3.577858981715323239e+00
3.790262987536039407e-01	-2.237418301106688934e-01	-3.562729625002219791e+00
3.778642067140857153e-01	-2.415000489566988540e-01	-3.546808723931860641e+00
3.766136053320262023e-01	-2.591767653527506376e-01	-3.530099979615116013e+00
3.752749115819786763e-01	-2.767680530816922779e-01	-3.512607197188771124e+00
3.738485620166607792e-01	-2.942700051996945954e-01	-3.494334288229168806e+00
3.723350126716470920e-01	-3.116787345699847944e-01	-3.475285263269000779e+00
3.707347388673574717e-01	-3.289903742104131057e-01	-3.455464199351297339e+00
3.690482351899063151e-01	-3.462010780130027054e-01	-3.434875363932917480e+00
3.672760154239388397e-01	-3.633070213873473286e-01	-3.413523108064993039e+00
3.654186124096192589e-01	-3.803044017737306492e-01	-3.391411901496354631e+00
3.634765779336661118e-01	-3.971894392442916755e-01	-3.368546335977271156e+00
3.614504826179869568e-01	-4.139583771210673668e-01	-3.344931128723743541e+00
3.593409158059146513e-01	-4.306074826117593513e-01	-3.320571126058723621e+00
3.571484854095582362e-01	-4.471330472802124700e-01	-3.295471198232860388e+00
3.548738177241503866e-01	-4.635313873821024222e-01	-3.269636448107263504e+00
3.525175574397304001e-01	-4.797988452284057126e-01	-3.243072131577974915e+00
3.500803674593101489e-01	-4.959317896064447950e-01	-3.215783614599502016e+00
3.475629287626787467e-01	-5.119266164655409401e-01	-3.187776406505719251e+00
3.449659402712584866e-01	-5.277797496432626856e-01	-3.159056164043192894e+00
3.422901187098410514e-01	-5.434876416122196296e-01	-3.129628695554345086e+00
3.395361984616510620e-01	-5.590467742082927405e-01	-3.099499904893718849e+00
3.367049313490944606e-01	-5.744536585774833171e-01	-3.068675728974596950e+00
3.337970865565504930e-01	-5.897048367862763874e-01	-3.037162524496864080e+00
3.308134504838948220e-01	-6.047968827098271216e-01	-3.004966694442714470e+00
3.277548265678205119e-01	-6.197264026178181950e-01	-2.972094806004974998e+00
3.246220351192594111e-01	-6.344900360046041854e-01	-2.938553594543748204e+00
3.214159131569381822e-01	-6.490844564393899452e-01	-2.904349967642360753e+00
3.181373142370210738e-01	-6.635063724368819305e-01	-2.869491009112266511e+00
3.147871082602041737e-01	-6.777525278636713502e-01	-2.833983727006170739e+00
3.113661812753684144e-01	-6.918197023813860147e-01	-2.797835592606872979e+00
3.078754353449844050e-01	-7.057047136325559356e-01	-2.761054221364645400e+00
3.043157883345513626e-01	-7.194044175719078726e-01	-2.723647369991965661e+00
3.006881737185952419e-01	-7.329157093633067444e-01	-2.685622980141374683e+00
2.969935403828638520e-01	-7.462355243119119796e-01	-2.646989181733147234e+00
2.932328524219248167e-01	-7.593608388130655973e-01	-2.607754296318546494e+00
2.894070889322820084e-01	-7.722886712176318946e-01	-2.567926725978225022e+00
2.855172438026508108e-01	-7.850160816275095765e-01	-2.527514967656202316e+00
2.815643254950645491e-01	-7.975401742167090857e-01	-2.486528013646761792e+00
2.775493568236808151e-01	-8.098580980928707929e-01	-2.444974906839661344e+00
2.734733747289211925e-01	-8.219670480216879627e-01	-2.402864884369193987e+00
2.693374300461958137e-01	-8.338642654022941914e-01	-2.360207379625194335e+00
2.651425872695587493e-01	-8.455470392526173162e-01	-2.317012024228120026e+00
2.608899243102362764e-01	-8.570127072044755323e-01	-2.273288645408172215e+00
2.565805322769621477e-01	-8.682586558290089629e-01	-2.229046965079248821e+00
2.522155152325977756e-01	-8.792823214353518990e-01	-2.184297289716880641e+00
2.477959898898438595e-01	-8.900811922754012784e-01	-2.139050016732483073e+00
2.433230853754222434e-01	-9.006528089002633353e-01	-2.093315711310765437e+00
2.387979429649705609e-01	-9.109947651239221900e-01	-2.047105132626597879e+00
2.342217158125070864e-01	-9.211047089927076881e-01	-2.000429233984334587e+00
2.295955686745895785e-01	-9.309803437552098826e-01	-1.953299162850726134e+00
2.249206776409345965e-01	-9.406194286926011783e-01	-1.905726132974336906e+00
2.201982299330893234e-01	-9.500197790806050868e-01	-1.857721528778824904e+00
2.154294235037546024e-01	-9.591792684402076219e-01	-1.809297128729440374e+00
2.106154667647683887e-01	-9.680958292018049249e-01	-1.760464784897180834e+00
2.057575783022610461e-01	-9.767674534527833741e-01	-1.711236529144969154e+00
2.008569865735963522e-01	-9.851921938308220161e-01	-1.661624571152913177e+00
1.959149295992165529e-01	-9.933681644068887984e-01	-1.611641296270590828e+00
1.909326546493627097e-01	-1.001293541557053413e+00	-1.561299253397237408e+00
1.859114180129191052e-01	-1.008966564281700506e+00	-1.510610964411057466e+00
1.808524846575472744e-01	-1.016385535153055741e+00	-1.459589389990469499e+00
1.757571278082616095e-01	-1.023548821721760094e+00	-1.408247553806461383e+00
1.706266286764709372e-01	-1.030454856944525988e+00	-1.356598625180708950e+00
1.654622761282251997e-01	-1.037102139940171863e+00	-1.304655922686720260e+00
1.602653663479634838e-01	-1.043489236724408631e+00	-1.252432909786875825e+00
1.550372024977567653e-01	-1.049614780922311752e+00	-1.199943190259205039e+00
1.497790944003419555e-01	-1.055477474384495018e+00	-1.147200447420686942e+00
1.444923583185696303e-01	-1.061076087518715516e+00	-1.094218511952703921e+00
1.391783164138209739e-01	-1.066409460411827936e+00	-1.041011390400626624e+00
1.338382964473334158e-01	-1.071476503287443371e+00	-9.875931723332769252e-01
1.284736314405078017e-01	-1.076276197030074488e+00	-9.339780568570859032e-01
1.230856593167470869e-01	-1.080807593716549775e+00	-8.801803462530415345e-01
1.176757225398148143e-01	-1.085069817115025259e+00	-8.262144393703465539e-01
1.122451677499547995e-01	-1.089062063151295501e+00	-7.720948288739464260e-01
1.067953455594714829e-01	-1.092783600460062399e+00	-7.178361234509793576e-01
1.013276100704171012e-01	-1.096233770698298970e+00	-6.634529518587441999e-01
9.584331840291898663e-02	-1.099411988831655362e+00	-6.089600341698542252e-01
9.034383040421216371e-02	-1.102317743517751802e+00	-5.543721518017719063e-01
8.483050827412284833e-02	-1.104950597390783829e+00	-4.997041391447964997e-01
7.930471618804385558e-02	-1.107310187305788451e+00	-4.449708753687673379e-01
7.376781991746253486e-02	-1.109396224541397302e+00	-3.901872759960269832e-01
6.822118644813184030e-02	-1.111208494959892157e+00	-3.353682842333682856e-01
6.266618360013756495e-02	-1.112746859134852828e+00	-2.805289023505110890e-01
5.710418002386648262e-02	-1.114011253467778184e+00	-2.256844111911959772e-01
5.153654452787237439e-02	-1.115001689437239429e+00	-1.708496330867319557e-01
4.596464550003843269e-02	-1.115718253061381171e+00	-1.160395810506997805e-01
4.038985070381439363e-02	-1.116161105343019155e+00	-6.126925924002080137e-02
3.481352689961415836e-02	-1.116330482192023910e+00	-6.553651587182685034e-03
2.923703946575923612e-02	-1.116226694300546995e+00	4.809228774217899627e-02
2.366175201911359383e-02	-1.115850126970060474e+00	1.026536441000871491e-01
1.808902603552357477e-02	-1.115201239889175522e+00	1.571155523103016094e-01
1.252022047420911499e-02	-1.114280566898771418e+00	2.114630997922404276e-01
6.956691660603711580e-03	-1.113088718131985955e+00	2.656808580657070706e-01
1.399792695791400587e-03	-1.111626377654836517e+00	3.197545129655736673e-01
-4.149127028768982706e-03	-1.109894302038998859e+00	3.736693821634844426e-01
-9.688722089352060779e-03	-1.107893321008945442e+00	4.274108644087846187e-01
-1.521765139730504174e-02	-1.105624337002411917e+00	4.809644511886972396e-01
-2.073457856474224259e-02	-1.103088324683165977e+00	5.343157363447517127e-01
-2.623817226841330952e-02	-1.100286330405393809e+00	5.874504258287061020e-01
-3.172710661159464096e-02	-1.097219471629006238e+00	6.403543475931883222e-01
-3.720006148047302202e-02	-1.093888936354056929e+00	6.930132953699512655e-01
-4.265572273557460131e-02	-1.090295985849212945e+00	7.454124599599936118e-01
-4.809278271007114830e-02	-1.086441950967495185e+00	7.975385501237042263e-01
-5.350994061599832763e-02	-1.082328230249499645e+00	8.493778199695043440e-01
-5.890590282273479306e-02	-1.077956290542767537e+00	9.009166703773416884e-01
-6.427938319692097502e-02	-1.073327666243402811e+00	9.521416582392703276e-01
-6.962910343864614493e-02	-1.068443958495649992e+00	1.003039504901153123e+00
-7.495379341373061000e-02	-1.063306834349198038e+00	1.053597104644381943e+00
-8.025219148189914609e-02	-1.057918025873989532e+00	1.103801533218529585e+00
-8.552304482116440676e-02	-1.052279329330590318e+00	1.153639849174965093e+00
-9.076510976635805694e-02	-1.046392608013696268e+00	1.203098552539131560e+00
-9.597715210630076987e-02	-1.040259787733440522e+00	1.252165800105899507e+00
-1.011579473888927216e-01	-1.033882854800579842e+00	1.300829298851908788e+00
-1.063062812335869439e-01	-1.027263856448251245e+00	1.349076952062887358e+00
-1.114209496317475900e-01	-1.020404899835598123e+00	1.396896865595920190e+00
-1.165007592416448801e-01	-1.013308151020334780e+00	1.444277354072141861e+00
-1.215445276779151540e-01	-1.005975833900513150e+00	1.491206947011335160e+00
-1.265510837952855128e-01	-9.984102291257893613e-01	1.537674394912016851e+00
-1.315192679717276936e-01	-9.906136730877025398e-01	1.583668469923452449e+00
-1.364479325467270743e-01	-9.825885601807277103e-01	1.629177567402962268e+00
-1.413359419250001803e-01	-9.743373383129295684e-01	1.674191549587021655e+00
-1.461821728050545222e-01	-9.658625070757916875e-01	1.718699950875418381e+00
-1.509855144936751159e-01	-9.571666177802820030e-01	1.762692531096433868e+00
-1.557448691577702771e-01	-9.482522723219343197e-01	1.806159279001406048e+00
-1.604591520697536966e-01	-9.391221220288356042e-01	1.849090415610191940e+00
-1.651272918462849404e-01	-9.297788664932709057e-01	1.891476397412986898e+00
-1.697482306802167717e-01	-9.202252523877284540e-01	1.933307919425487853e+00
-1.743209245779528960e-01	-9.104640723605385011e-01	1.974575757750983485e+00
-1.788443438945350739e-01	-9.004981662454187852e-01	2.015270545174189465e+00
-1.833174732204376212e-01	-8.903304173624514428e-01	2.055383988860967293e+00
-1.877393115470691598e-01	-8.799637509917201950e-01	2.094907653200948516e+00
-1.921088725732044145e-01	-8.694011339693225038e-01	2.133833336564634919e+00
-1.964251849047320420e-01	-8.586455735169241654e-01	2.172153071906848254e+00
-2.006872922475135823e-01	-8.477001160688062420e-01	2.209859127160541448e+00
-2.048942535932172515e-01	-8.365678460974778075e-01	2.246944005424495572e+00
-2.090451433980161644e-01	-8.252518849388611466e-01	2.283400444939388763e+00
-2.131390517722077660e-01	-8.137553896635780770e-01	2.319221348581606890e+00
-2.171750850334155936e-01	-8.020815528767446523e-01	2.354399715858562558e+00
-2.211523654473554756e-01	-7.902336005094076077e-01	2.388929095385549317e+00
-2.250700313539713282e-01	-7.782147905956211531e-01	2.422803116784905342e+00
-2.289272374362355533e-01	-7.660284124301793840e-01	2.456015634565289929e+00
-2.327231548680711859e-01	-7.536777854498269980e-01	2.488560726221919595e+00
-2.364569714555443125e-01	-7.411662581245600512e-01	2.520432690104030371e+00
-2.401278917712642569e-01	-7.284972068601465178e-01	2.551626043047917847e+00
-2.437351372819074324e-01	-7.156740349130668033e-01	2.582135517778965550e+00
-2.472779464872070787e-01	-7.027001712971437941e-01	2.611956091302886307e+00
-2.507555753766921858e-01	-6.895790693191421461e-01	2.641083005664143002e+00
-2.541672971878021214e-01	-6.763142059516922266e-01	2.669511588910665978e+00
-2.575124024986090165e-01	-6.629090808172989346e-01	2.697237431395194562e+00
-2.607901994263493450e-01	-6.493672150563093437e-01	2.724256327262935429e+00
-2.640000137316117490e-01	-6.356921503176400368e-01	2.750564270897143615e+00
-2.671411889170483001e-01	-6.218874477678082435e-01	2.776157453152791277e+00
-2.702130863206296807e-01	-6.079566871192935151e-01	2.801032257375652534e+00
-2.732150852052552259e-01	-5.939034655462517298e-01	2.825185373595161309e+00
-2.761465828531674549e-01	-5.797313958689913616e-01	2.848613681984090817e+00
-2.790069946267178524e-01	-5.654441068349286281e-01	2.871314068796436914e+00
-2.817957540439045561e-01	-5.510452419392936063e-01	2.893283700094229971e+00
-2.845123128469473905e-01	-5.365384583843730848e-01	2.914519921308396988e+00
-2.871561410637060163e-01	-5.219274261940298754e-01	2.935020252977835753e+00
-2.897267270637747805e-01	-5.072158273499469683e-01	2.954782386320545129e+00
-2.922235776092762527e-01	-4.924073549503976688e-01	2.973804178635191420e+00
-2.946462179615222388e-01	-4.775057120465863170e-01	2.992083873875628797e+00
-2.969941920845389771e-01	-4.625146099256702836e-01	3.009619711127584196e+00
-2.992670623904173377e-01	-4.474377689797787716e-01	3.026409994568155071e+00
-3.014644098827300445e-01	-4.322789173204407698e-01	3.042453273163857830e+00
-3.035858342059573611e-01	-4.170417899216186108e-01	3.057748249739802304e+00
-3.056309536770541735e-01	-4.017301278617864124e-01	3.072293776688184153e+00
-3.075994053130003958e-01	-3.863476775877032199e-01	3.086088851565705227e+00
-3.094908448543927659e-01	-3.708981902004757081e-01	3.099132613177744133e+00
-3.113049467918746482e-01	-3.553854201221808284e-01	3.111424666250428572e+00
-3.130414043872759566e-01	-3.398131239254253977e-01	3.122964367196743751e+00
-3.146999296693694936e-01	-3.241850612517324093e-01	3.133751274187517311e+00
-3.162802534506399255e-01	-3.085049933948191825e-01	3.143785127548397895e+00
-3.177821253330176954e-01	-2.927766826159811098e-01	3.153065798907533690e+00
-3.192053137099150617e-01	-2.770038914974384259e-01	3.161593287480400249e+00
-3.205496057648399288e-01	-2.611903823143395531e-01	3.169367716307164073e+00
-3.218148074666613012e-01	-2.453399164253697584e-01	3.176389346830546856e+00
-3.230007435885312028e-01	-2.294562527737340207e-01	3.182658875797599762e+00
-3.241072576888693324e-01	-2.135431475784794753e-01	3.188176658437598121e+00
-3.251342120704772132e-01	-1.976043546769105097e-01	3.192943333483768242e+00
-3.260814877816338164e-01	-1.816436243667281514e-01	3.196959667749652567e+00
-3.269489845975707687e-01	-1.656647028283797785e-01	3.200226542315050438e+00
-3.277366209991977031e-01	-1.496713315610514738e-01	3.202744949797761365e+00
-3.284443341491541379e-01	-1.336672468322772644e-01	3.204515991638785977e+00
-3.290720798640732192e-01	-1.176561791147932301e-01	3.205540929051174714e+00
-3.296198325411414110e-01	-1.016418515856798155e-01	3.205821323567093373e+00
-3.300875851637616321e-01	-8.562798043507413581e-02	3.205358486473159019e+00
-3.304753492783082947e-01	-6.961827460361899589e-02	3.204153988804542053e+00
-3.307831549406387572e-01	-5.361643491741956841e-02	3.202209507979432601e+00
-3.310110506751111625e-01	-3.762615356046235954e-02	3.199526826270947311e+00
-3.311591034312099113e-01	-2.165111355449162930e-02	3.196107829340734341e+00
-3.312273985378424435e-01	-5.694988246077023128e-03	3.191954504835216699e+00
-3.312160396504603144e-01	1.023855926503740299e-02	3.187069012267018664e+00
-3.311251486489824591e-01	2.614587731805866067e-02	3.181453659112603916e+00
-3.309548656469321615e-01	4.202332536491261428e-02	3.175110683799836409e+00
-3.307053489281273628e-01	5.786727457702295352e-02	3.168042511477040080e+00
-3.303767748774328328e-01	7.367410849902816805e-02	3.160251670675471303e+00
-3.299693379195237641e-01	8.944022356448537436e-02	3.151740793032367094e+00
-3.294832504554913721e-01	1.051620296104514574e-01	3.142512613110014286e+00
-3.289187427973433997e-01	1.208359503913853800e-01	3.132569968310534136e+00
-3.282760630805972579e-01	1.364584241670311338e-01	3.121915854343271235e+00
-3.275554771116814257e-01	1.520259045266439402e-01	3.110553347469291907e+00
-3.267572684237615710e-01	1.675348604281884923e-01	3.098485581595269878e+00
-3.258817381612943986e-01	1.829817768714782633e-01	3.085715828557923146e+00
-3.249292049904788926e-01	1.983631554694152976e-01	3.072247467885887318e+00
-3.239000050168492906e-01	2.136755149881066074e-01	3.058083987672702619e+00
-3.227944917006119740e-01	2.289153918916000119e-01	3.043228985562180355e+00
-3.216130357697529751e-01	2.440793408918477125e-01	3.027686169847186193e+00
-3.203560250977041113e-01	2.591639354870644008e-01	3.011459350716336303e+00
-3.190238645605366630e-01	2.741657684968897835e-01	2.994552461180745695e+00
-3.176169760566965872e-01	2.890814526903655035e-01	2.976969549152045147e+00
-3.161357983603096389e-01	3.039076213356375900e-01	2.958714775820197929e+00
-3.145807870159690323e-01	3.186409287803897428e-01	2.939792419701575454e+00
-3.129524142340306958e-01	3.332780510422181375e-01	2.920206878364353997e+00
-3.112511687834065843e-01	3.478156864078800758e-01	2.899962670264159215e+00
-3.094775558818602668e-01	3.622505560420087867e-01	2.879064434634898362e+00
-3.076320970315257197e-01	3.765794043703902250e-01	2.857516833470043593e+00
-3.057153298956941656e-01	3.907989996707358915e-01	2.835324788359372405e+00
-3.037278082658253497e-01	4.049061350918732316e-01	2.812493307814605714e+00
-3.016701018926130629e-01	4.188976290836042282e-01	2.789027520449934627e+00
-2.995427963590987508e-01	4.327703260391286277e-01	2.764932684732343660e+00
-2.973464929511070998e-01	4.465210969491211213e-01	2.740214191163175883e+00
-2.950818085247632894e-01	4.601468400669610492e-01	2.714877564553177081e+00
-2.927493753623561235e-01	4.736444816734815544e-01	2.688928483846240169e+00
-2.903498410202422497e-01	4.870109757374043724e-01	2.662372441657879563e+00
-2.878838681516365239e-01	5.002433057542181594e-01	2.635215587837080875e+00
-2.853521344459764020e-01	5.133384851411267880e-01	2.607463916677090765e+00
-2.827553324366449128e-01	5.262935578780539858e-01	2.579123615870003050e+00
-2.800941693478113947e-01	5.391055992073127134e-01	2.550201014362471597e+00
-2.773693669378309856e-01	5.517717163452062756e-01	2.520702584747084529e+00
-2.745816613391960370e-01	5.642890492055980811e-01	2.490634945655301635e+00
-2.717318028937527052e-01	5.766547711019428535e-01	2.460004816498610580e+00
-2.688205559604191497e-01	5.888660888392468484e-01	2.428818961933643550e+00
-2.658486987638873367e-01	6.009202439669992790e-01	2.397084469898800307e+00
-2.628170232220469194e-01	6.128145135828118040e-01	2.364808500164144789e+00
-2.597263347608856354e-01	6.245462109132652317e-01	2.331998357800500798e+00
-2.565774521315933310e-01	6.361126860454274778e-01	2.298661500040395822e+00
-2.533712072436561935e-01	6.475113267850439724e-01	2.264805562635956449e+00
-2.501084449644295216e-01	6.587395593393128301e-01	2.230438289509606875e+00
-2.467900229180891303e-01	6.697948490250181797e-01	2.195567594073395412e+00
-2.434168112961739017e-01	6.806747010764107042e-01	2.160201544533492779e+00
-2.399896926582732459e-01	6.913766614214679196e-01	2.124348353482673701e+00
-2.365095617082500490e-01	7.018983169466034289e-01	2.088016211218416629e+00
-2.329773250902021919e-01	7.122372963435793514e-01	2.051213683968626356e+00
-2.293939011956305507e-01	7.223912713273357156e-01	2.013949412402837424e+00
-2.257602199375985386e-01	7.323579571311336078e-01	1.976232182945068416e+00
-2.220772225313853154e-01	7.421351132559982355e-01	1.938070931183915491e+00
-2.183458612754717310e-01	7.517205440680354567e-01	1.899474672595431457e+00
-2.145670993270601956e-01	7.611120994672190276e-01	1.860452648107013829e+00
-2.107419104653421860e-01	7.703076758886355790e-01	1.821014228075227948e+00
-2.068712788611022091e-01	7.793052169207725921e-01	1.781168925217571086e+00
-2.029561988396504368e-01	7.881027140413594534e-01	1.740926399774139099e+00
-1.989976746395644702e-01	7.966982071611831140e-01	1.700296352025873148e+00
-1.949967201675268380e-01	8.050897850707540160e-01	1.659288718451819022e+00
-1.909543587517662233e-01	8.132755866836343106e-01	1.617913577365413857e+00
-1.868716228897635001e-01	8.212538015292406568e-01	1.576181128833241019e+00
-1.827495539928630786e-01	8.290226704385172951e-01	1.534101711760627040e+00
-1.785892021325726220e-01	8.365804860953482969e-01	1.491685711760396771e+00
-1.743916257934167435e-01	8.439255933141059929e-01	1.448943696245578394e+00
-1.701578915854171647e-01	8.510563902901353561e-01	1.405886401893383209e+00
-1.658890739828129401e-01	8.579713290534600745e-01	1.362524663951887760e+00
-1.615862550532037867e-01	8.646689160774008176e-01	1.318869443851212964e+00
-1.572505241870985893e-01	8.711477128131861480e-01	1.274931747722405362e+00
-1.528829778480617074e-01	8.774063357592790657e-01	1.230722712377939843e+00
-1.484847192559070883e-01	8.834434577317775705e-01	1.186253659491114831e+00
-1.440568581136288384e-01	8.892578082290732988e-01	1.141535985790653740e+00
-1.396005103222280608e-01	8.948481739535089075e-01	1.096581196405736591e+00
-1.351167976984731234e-01	9.002133992596570433e-01	1.051400815201873229e+00
-1.306068477469770339e-01	9.053523859183806310e-01	1.006006436432016926e+00
-1.260717932828977483e-01	9.102640945794014948e-01	9.604099244245389855e-01
-1.215127721479795364e-01	9.149475450925776965e-01	9.146231490507261697e-01
-1.169309269225038556e-01	9.194018168273304648e-01	8.686580690746836808e-01
-1.123274046230665346e-01	9.236260491079946178e-01	8.225267286295547819e-01
-1.077033563975988983e-01	9.276194416310711288e-01	7.762412534937652708e-01
-1.030599372177055106e-01	9.313812548633682020e-01	7.298138471650759129e-01
-9.839830563536530739e-02	9.349108098235409114e-01	6.832564352362169302e-01
-9.371962358875976506e-02	9.382074873823205152e-01	6.365813319068251985e-01
-8.902505584335898559e-02	9.412707307654271105e-01	5.898009499859426796e-01
-8.431576978142900358e-02	9.441000449096682567e-01	5.429276502149491535e-01
-7.959293509955780999e-02	9.466949965924416066e-01	4.959738291045709957e-01
-7.485772349747556176e-02	9.490552145928979888e-01	4.489519118690736832e-01
-7.011130836570332592e-02	9.511803898171021787e-01	4.018743450761803615e-01
-6.535486447220574535e-02	9.530702753869535471e-01	3.547536143545357845e-01
-6.058956769876593096e-02	9.547246878125119629e-01	3.076025905697861162e-01
-5.581659470848759214e-02	9.561435066173364916e-01	2.604335984229919632e-01
-5.103712258476621189e-02	9.573266733066275735e-01	2.132591666556322707e-01
-4.625232854774739832e-02	9.582741920219758347e-01	1.660918313086767739e-01
-4.146338964104644143e-02	9.589861295044258549e-01	1.189441173066825286e-01
-3.667148241843647821e-02	9.594626150200160630e-01	7.182853084117368780e-02
-3.187778263064074830e-02	9.597038402467397145e-01	2.475755154318903806e-02
-2.708346491228754219e-02	9.597100592661951257e-01	-2.225619963672897939e-02
-2.228970246855761089e-02	9.594815903241401545e-01	-6.919994742344215410e-02
-1.749766676379467187e-02	9.590188134549312293e-01	-1.160614831471775688e-01
-1.270852720987544413e-02	9.583221703738690200e-01	-1.628283936225898287e-01
-7.923450855159771405e-03	9.573921646923689854e-01	-2.094883125274691338e-01
-3.143602074448954495e-03	9.562293616668199325e-01	-2.560289272432783036e-01
1.629857740095171093e-03	9.548343879130072320e-01	-3.024379858004522248e-01
6.395770486932125104e-03	9.532079310855646748e-01	-3.487033039353377717e-01
1.115298164896779548e-02	9.513507398884820665e-01	-3.948125306316683236e-01
1.590034056277314298e-02	9.492636247080568079e-01	-4.407535613847812783e-01
2.063670078511773906e-02	9.469474554126181554e-01	-4.865144815808548628e-01
2.536092037104522093e-02	9.444031615744116204e-01	-5.320833643356763787e-01
3.007186216888716943e-02	9.416317321258469430e-01	-5.774483722064474023e-01
3.476839411626411747e-02	9.386342148972763866e-01	-6.225977633717434401e-01
3.944938953385248442e-02	9.354117161238034717e-01	-6.675198978497292046e-01
4.411372741677029030e-02	9.319653999209251971e-01	-7.122032364439405683e-01
4.876029271563331324e-02	9.282964883727333749e-01	-7.566360879731632849e-01
5.338797662237654978e-02	9.244062609778576078e-01	-8.008072332376627855e-01
5.799567686488408397e-02	9.202960531079475981e-01	-8.447054607575523733e-01
6.258229798066844429e-02	9.159672559197320485e-01	-8.883196650822924312e-01
6.714675159361420398e-02	9.114213157298393098e-01	-9.316388688034749066e-01
7.168795668747415806e-02	9.066597333618784393e-01	-9.746522278697398178e-01
7.620483987595177977e-02	9.016840634670003629e-01	-1.017349036892312597e+00
8.069633567058606682e-02	8.964959138638352032e-01	-1.059718661385829819e+00
8.516138677473746033e-02	8.910969458690302103e-01	-1.101750447982510650e+00
8.959894431319308239e-02	8.854888725342972000e-01	-1.143434232053152755e+00
9.400796808439679242e-02	8.796734577651104114e-01	-1.184759848609360233e+00
9.838742682185080968e-02	8.736525158661471169e-01	-1.225717285537541557e+00
1.027362984426812426e-01	8.674279107676176048e-01	-1.266296687584713254e+00
1.070535702920101112e-01	8.610015552318516230e-01	-1.306488360274613569e+00
1.113382393829893957e-01	8.543754100404989948e-01	-1.346282773755774542e+00
1.155893126473929167e-01	8.475514833445962903e-01	-1.385670430280868004e+00
1.198058072299891808e-01	8.405318305821256608e-01	-1.424642057005428342e+00
1.239867506187903173e-01	8.333185524458786020e-01	-1.463188669249461782e+00
1.281311808981346889e-01	8.259137943804187865e-01	-1.501301376685887590e+00
1.322381469761286232e-01	8.183197458112158040e-01	-1.538971461895187076e+00
1.363067088002319349e-01	8.105386392747579993e-01	-1.576190382796085032e+00
1.403359375680077736e-01	8.025727495368102371e-01	-1.612949774964704375e+00
1.443249159329357545e-01	7.944243926993648230e-01	-1.649241452887167725e+00
1.482727382540954264e-01	7.860959256080813917e-01	-1.685057261579970600e+00
1.521785108186482494e-01	7.775897451093962687e-01	-1.720389411426538118e+00
1.560413519294016338e-01	7.689082864735758971e-01	-1.755230252824105719e+00
1.598603921448282228e-01	7.600540228126505538e-01	-1.789572300253610138e+00
1.636347744645119673e-01	7.510294641778704205e-01	-1.823408250411546305e+00
1.673636545086712724e-01	7.418371566473047629e-01	-1.856730983038858085e+00
1.710462006924984846e-01	7.324796814096701247e-01	-1.889533561607890988e+00
1.746815943974714125e-01	7.229596538499044600e-01	-1.921809222667320682e+00
1.782690302403791283e-01	7.132797228550931123e-01	-1.953551336970804186e+00
1.818077161503569572e-01	7.034425697157435931e-01	-1.984753545793125795e+00
1.852968734890290681e-01	6.934509071312628947e-01	-2.015409636574304386e+00
1.887357372415801871e-01	6.833074783806287744e-01	-2.045513578998452431e+00
1.921235561647759993e-01	6.730150564129231405e-01	-2.075059524560003865e+00
1.954595929298426071e-01	6.625764429405764933e-01	-2.104041805946053501e+00
1.987431242601554182e-01	6.519944675360813680e-01	-2.132454936259875922e+00
2.019734410811099279e-01	6.412719867196139401e-01	-2.160293619721187497e+00
2.051498487573640006e-01	6.304118829806295565e-01	-2.187552738975398370e+00
2.082716670661040326e-01	6.194170640035979725e-01	-2.214227337884324243e+00
2.113382303519810435e-01	6.082904617568848371e-01	-2.240312645952656112e+00
2.143488876601530868e-01	5.970350316016294068e-01	-2.265804067869169103e+00
2.173030028484218557e-01	5.856537514205771844e-01	-2.290697181888617706e+00
2.201999546944329589e-01	5.741496207553858921e-01	-2.314987738063280176e+00
2.230391369979191074e-01	5.625256599531365254e-01	-2.338671656320343573e+00
2.258199587234369921e-01	5.507849091524417151e-01	-2.361745117540124284e+00
2.285418441463338557e-01	5.389304272493953274e-01	-2.384204370535826456e+00
2.312042328075738506e-01	5.269652915721177999e-01	-2.406045836540329219e+00
2.338065796592972423e-01	5.148925968340636317e-01	-2.427266119539865485e+00
2.363483551503241242e-01	5.027154543061898018e-01	-2.447861986173506921e+00
2.388290453045554262e-01	4.904369910102757690e-01	-2.467830363362963908e+00
2.412481517948402432e-01	4.780603489244246718e-01	-2.487168335810594044e+00
2.436051920128017856e-01	4.655886841978460478e-01	-2.505873160395452715e+00
2.458996992057250197e-01	4.530251658617914789e-01	-2.523942395888468582e+00
2.481312224969120794e-01	4.403729753638902511e-01	-2.541373522154430020e+00
2.502993268982777186e-01	4.276353061405752665e-01	-2.558164262512065079e+00
2.524035933998706183e-01	4.148153626163151864e-01	-2.574312492178506773e+00
2.544436190214393601e-01	4.019163594604094336e-01	-2.589816233841787607e+00
2.564190168599527198e-01	3.889415208569692584e-01	-2.604673654970042662e+00
2.583294161330922378e-01	3.758940797885950147e-01	-2.618883065021776702e+00
2.601744622249356764e-01	3.627772772575901250e-01	-2.632442992226373235e+00
2.619538167809942752e-01	3.495943608619514475e-01	-2.645352144623871027e+00
2.636671576681946516e-01	3.363485850083530182e-01	-2.657609193505805933e+00
2.653141790146001933e-01	3.230432101055067950e-01	-2.669213033182757044e+00
2.668945912473283388e-01	3.096815017474677245e-01	-2.680162692886710829e+00
2.684081211158673708e-01	2.962667300459497777e-01	-2.690457334236981524e+00
2.698545117118657521e-01	2.828021689754278700e-01	-2.700096248645820651e+00
2.712335224854248161e-01	2.692910957313685016e-01	-2.709078854662323010e+00
2.725449292681608737e-01	2.557367898448742460e-01	-2.717404850888357259e+00
2.737885243031146221e-01	2.421425320528961811e-01	-2.725073924488327748e+00
2.749641162107602788e-01	2.285116047033987074e-01	-2.732085854809241710e+00
2.760715300087924762e-01	2.148472907390587550e-01	-2.738440591588300776e+00
2.771106071145568728e-01	2.011528730485192262e-01	-2.744138206341844466e+00
2.780812053429788100e-01	1.874316338633554846e-01	-2.749178890229771355e+00
2.789831989014289193e-01	1.736868541657787535e-01	-2.753562951898459232e+00
2.798164783815722534e-01	1.599218131070456461e-01	-2.757290825070711549e+00
2.805809507501020872e-01	1.461397869348666778e-01	-2.760363235504669888e+00
2.812765393342134823e-01	1.323440485609447825e-01	-2.762780768782803875e+00
2.819031838027772907e-01	1.185378675201805010e-01	-2.764544215343235578e+00
2.824608401478608810e-01	1.047245090814378776e-01	-2.765654485925239214e+00
2.829494806622873115e-01	9.090723368283162853e-02	-2.766112603560330285e+00
2.833690939144560828e-01	7.708929637450992467e-02	-2.765919702073837527e+00
2.837196847204668249e-01	6.327394626890255058e-02	-2.765077024600426370e+00
2.840012741122170392e-01	4.946442596384106882e-02	-2.763585966831108465e+00
2.842138992831118038e-01	3.566397047720952507e-02	-2.761448091945478467e+00
2.843576135747577505e-01	2.187580728031214561e-02	-2.758664921754309773e+00
2.844324864378099949e-01	8.103155753639443293e-03	-2.755238155219110752e+00
2.844386033851781237e-01	-5.650773479770596075e-03	-2.751169599369330143e+00
2.843760659476616270e-01	-1.938277909220762624e-02	-2.746461168513706141e+00
2.842449916270768928e-01	-3.308966958531427138e-02	-2.741114883493569465e+00
2.840455138469142882e-01	-4.676826382049990849e-02	-2.735132870977739827e+00
2.837777818906835892e-01	-6.041539163276228586e-02	-2.728517421850011004e+00
2.834419608169688742e-01	-7.402789462500966589e-02	-2.721270895365996978e+00
2.830382314542087552e-01	-8.760262623796524761e-02	-2.713395724624376726e+00
2.825667903226756206e-01	-1.011364524368282003e-01	-2.704894475193960091e+00
2.820278495684580555e-01	-1.146262522698335007e-01	-2.695769819415644974e+00
2.814216368978265104e-01	-1.280689184014477400e-01	-2.686024536335295920e+00
2.807483955091772954e-01	-1.414613576453624955e-01	-2.675661511695551553e+00
2.800083840225836562e-01	-1.548004914976088831e-01	-2.664683738579498140e+00
2.792018763785343860e-01	-1.680832567366438712e-01	-2.653094345763008732e+00
2.783291617579924382e-01	-1.813066059687865050e-01	-2.640896531875384312e+00
2.773905445502279909e-01	-1.944675080574207737e-01	-2.628093614751648488e+00
2.763863442464320475e-01	-2.075629487218873526e-01	-2.614689023066134155e+00
2.753168953549989251e-01	-2.205899310819650072e-01	-2.600686294676918919e+00
2.741825473144358649e-01	-2.335454762046091925e-01	-2.586089077159527960e+00
2.729836644038041715e-01	-2.464266236535193055e-01	-2.570901128405580494e+00
2.717206256490683480e-01	-2.592304320378051585e-01	-2.555126310309447035e+00
2.703938246839609483e-01	-2.719539794585237868e-01	-2.538768577428953677e+00
2.690036696934977045e-01	-2.845943641677310953e-01	-2.521832032909060217e+00
2.675505833210544693e-01	-2.971487051481482844e-01	-2.504320876218343983e+00
2.660350025508998462e-01	-3.096141426428702381e-01	-2.486239419843315090e+00
2.644573786014850492e-01	-3.219878387220703742e-01	-2.467592090145217298e+00
2.628181768161155785e-01	-3.342669778541195180e-01	-2.448383428276144969e+00
2.611178765510073219e-01	-3.464487674814409335e-01	-2.428618091153680325e+00
2.593569710497565239e-01	-3.585304385069913446e-01	-2.408300780151904519e+00
2.575359672791601162e-01	-3.705092454763105891e-01	-2.387436351008034308e+00
2.556553858900760812e-01	-3.823824678621290940e-01	-2.366029846020182958e+00
2.537157610692955534e-01	-3.941474104405099932e-01	-2.344086378346872834e+00
2.517176404067459905e-01	-4.058014038271363644e-01	-2.321611180180724432e+00
2.496615847664642174e-01	-4.173418050747481622e-01	-2.298609603875917173e+00
2.475481681548750423e-01	-4.287659982763287192e-01	-2.275087123127747191e+00
2.453779775863707546e-01	-4.400713951743236985e-01	-2.251049334203599983e+00
2.431516129461993581e-01	-4.512554357761178192e-01	-2.226501957225082151e+00
2.408696868506546296e-01	-4.623155889760666160e-01	-2.201450837502790137e+00
2.385328244722636493e-01	-4.732493527544348044e-01	-2.175901645928320249e+00
2.361416632900616708e-01	-4.840542534224120397e-01	-2.149860394407284048e+00
2.336968531377643654e-01	-4.947278488739761393e-01	-2.123333411272312787e+00
2.311990559827414027e-01	-5.052677282992883434e-01	-2.096326990036516236e+00
2.286489457571166117e-01	-5.156715126353148548e-01	-2.068847547493930961e+00
2.260472081981609871e-01	-5.259368551838868866e-01	-2.040901624613411514e+00
2.233945406857062999e-01	-5.360614422343065177e-01	-2.012495887456680066e+00
2.206916520765766776e-01	-5.460429936905902837e-01	-1.983637128121756632e+00
2.179392625360239144e-01	-5.558792637034980499e-01	-1.954332265711173022e+00
2.151381033661645681e-01	-5.655680413074424262e-01	-1.924588347324629467e+00
2.122889168277710681e-01	-5.751071503791154171e-01	-1.894412108530048044e+00
2.093924559539319108e-01	-5.844944486387807503e-01	-1.863810801728106981e+00
2.064494843876470420e-01	-5.937278317341991851e-01	-1.832791968902427016e+00
2.034607761909535406e-01	-6.028052325413055801e-01	-1.801363090051893323e+00
2.004271156570205381e-01	-6.117246216042137030e-01	-1.769531766036379850e+00
1.973492971200274393e-01	-6.204840077393428688e-01	-1.737305718719198921e+00
1.942281247619530304e-01	-6.290814386402188152e-01	-1.704692791100114846e+00
1.910644124162545199e-01	-6.375150014829249479e-01	-1.671700947436420392e+00
1.878589833684357613e-01	-6.457828235321237953e-01	-1.638338273353838304e+00
1.846126701534872294e-01	-6.538830727476144800e-01	-1.604612975946793085e+00
1.813263143805671496e-01	-6.618139575177903744e-01	-1.570532861723620499e+00
1.780007665770541592e-01	-6.695737257457072822e-01	-1.536106392744557070e+00
1.746368858506069099e-01	-6.771606690796445616e-01	-1.501342224676591286e+00
1.712355397281224434e-01	-6.845731219645834198e-01	-1.466248953664603505e+00
1.677976039440873812e-01	-6.918094620584058774e-01	-1.430835284098407101e+00
1.643239622215057483e-01	-6.988681107700446260e-01	-1.395110027565067412e+00
1.608155060498260847e-01	-7.057475337922641812e-01	-1.359082101750800575e+00
1.572731344598571890e-01	-7.124462416288447342e-01	-1.322760529295237575e+00
1.536977537956791540e-01	-7.189627901158994749e-01	-1.286154436593619721e+00
1.500902774835335407e-01	-7.252957809371058939e-01	-1.249273052552041463e+00
1.464516258879893229e-01	-7.314438613042433257e-01	-1.212125245583536071e+00
1.427827261825948268e-01	-7.374057234704900488e-01	-1.174720513501995356e+00
1.390845118022588922e-01	-7.431801080464930376e-01	-1.137068428030715950e+00
1.353579223425361577e-01	-7.487658031815209725e-01	-1.099178534810278052e+00
1.316039033267228375e-01	-7.541616449222097174e-01	-1.061060463959847766e+00
1.278234059628561847e-01	-7.593665176285500085e-01	-1.022723927652975817e+00
1.240173868981575972e-01	-7.643793543775774246e-01	-9.841787176134175752e-01
1.201868079709430825e-01	-7.691991373543423105e-01	-9.454347025299512097e-01
1.163326359600069110e-01	-7.738248982297698531e-01	-9.065018253906487189e-01
1.124558423315030198e-01	-7.782557185249913134e-01	-8.673901006374649114e-01
1.085574031182077875e-01	-7.824907294026418603e-01	-8.281093197457494171e-01
1.046382987608755477e-01	-7.865291115906861696e-01	-7.886697059772700413e-01
1.006995134743131626e-01	-7.903700972514112744e-01	-7.490814817904833944e-01
9.674203517045786016e-02	-7.940129695162378987e-01	-7.093548718709143941e-01
9.276685520630403858e-02	-7.974570627208917850e-01	-6.695001510227598374e-01
8.877496812414191474e-02	-8.007017626464582039e-01	-6.295276404225091937e-01
8.476737139001064292e-02	-8.037465067414721887e-01	-5.894477037723504509e-01
8.074506513041336542e-02	-8.065907843245437858e-01	-5.492707433548957852e-01
7.670905186731541425e-02	-8.092341367670330410e-01	-5.090071959893975873e-01
7.266033625147280683e-02	-8.116761576552717905e-01	-4.686675289697745939e-01
6.859992497161460090e-02	-8.139164929602579202e-01	-4.282622493875578584e-01
6.452882654693609110e-02	-8.159548411674812929e-01	-3.878018677726231545e-01
6.044805066248191278e-02	-8.177909533118907781e-01	-3.472969167954715886e-01
5.635860810724654946e-02	-8.194246330871662876e-01	-3.067579439270957664e-01
5.226151051174465767e-02	-8.208557369001990844e-01	-2.661955051185600496e-01
4.815777008141694515e-02	-8.220841739017243910e-01	-2.256201600865210821e-01
4.404839932934440788e-02	-8.231099059931552553e-01	-1.850424675003523589e-01
3.993441080832331458e-02	-8.239329478091290682e-01	-1.444729800714981138e-01
3.581681684237354724e-02	-8.245533666752741242e-01	-1.039222395433512247e-01
3.169662925772682299e-02	-8.249712825407077288e-01	-6.340077802877885915e-02
2.757485928801842179e-02	-8.251868686916769002e-01	-2.291945553417917836e-02
2.345251730825831382e-02	-8.252003516497217195e-01	1.751139341837415486e-02
1.933061226245162689e-02	-8.250120096292129501e-01	5.788130693855464415e-02
1.521015156928734631e-02	-8.246221731776569586e-01	9.817982388494783663e-02
1.109214086003805673e-02	-8.240312250140152672e-01	1.383965189508558069e-01
6.977583715901786512e-03	-8.232395998369279599e-01	1.785210077874808121e-01
2.867481405896928764e-03	-8.222477841071537119e-01	2.185429522052118045e-01
-1.237167374620512517e-03	-8.210563158038306497e-01	2.584520654526727412e-01
-5.335366764727933996e-03	-8.196657841541716838e-01	2.982381175730210998e-01
-9.426123997905825475e-03	-8.180768293362065124e-01	3.378909167063852692e-01
-1.350844952347417943e-02	-8.162901437983242081e-01	3.773997108565936287e-01
-1.758135730088802862e-02	-8.143064714750558597e-01	4.167547692913444735e-01
-2.164386523611313770e-02	-8.121266052653998146e-01	4.559460959171701688e-01
-2.569499532229325631e-02	-8.097513880008440079e-01	4.949637318396753471e-01
-2.973377388916188108e-02	-8.071817120713469240e-01	5.337977955958308485e-01
-3.375923185079162531e-02	-8.044185190263974938e-01	5.724384880187471936e-01
-3.777040495153064642e-02	-8.014627991516662942e-01	6.108760971438300658e-01
-4.176633401001640655e-02	-7.983155910210493200e-01	6.491010031563746452e-01
-4.574606516118286115e-02	-7.949779810238892797e-01	6.871036833806556388e-01
-4.970865009611399182e-02	-7.914511028690340844e-01	7.248746661360883081e-01
-5.365314625419963235e-02	-7.877361393382905641e-01	7.624038338460081832e-01
-5.757861708147154339e-02	-7.838343205895625943e-01	7.996823832785935338e-01
-6.148413230607370494e-02	-7.797469214576896457e-01	8.367011517415221533e-01
-6.536876813761989535e-02	-7.754752624096045155e-01	8.734510587603381282e-01
-6.923160749348333809e-02	-7.710207089968552641e-01	9.099231354502990143e-01
-7.307174022225135235e-02	-7.663846712881924317e-01	9.461085285075796492e-01
-7.688826332425517662e-02	-7.615686032822271967e-01	9.819985041945642479e-01
-8.068028116906610092e-02	-7.565740023001860104e-01	1.017584452321898425e+00
-8.444690570984883515e-02	-7.514024083587906855e-01	1.052857890226732707e+00
-8.818725669487559315e-02	-7.460554035367497061e-01	1.087810389345179374e+00
-9.190046194684674263e-02	-7.405346137599646550e-01	1.122432959385548656e+00
-9.558565751762887475e-02	-7.348417064151447908e-01	1.156717932146648309e+00
-9.924198784242187210e-02	-7.289783880458442500e-01	1.190657282310496612e+00
-1.028686059774178291e-01	-7.229464050150686827e-01	1.224243105252185160e+00
-1.064646737954519917e-01	-7.167475428371880009e-01	1.257467631443205391e+00
-1.100293621779837860e-01	-7.103836254963544761e-01	1.290323229125647231e+00
-1.135618512033014227e-01	-7.038565147516895326e-01	1.322802406940297715e+00
-1.170613303308667003e-01	-6.971681094294612802e-01	1.354897816502955266e+00
-1.205269985816933426e-01	-6.903203447025121342e-01	1.386602254934416578e+00
-1.239580647173868511e-01	-6.833151913854007553e-01	1.417908581076289920e+00
-1.273537476093931642e-01	-6.761546572370152886e-01	1.448809312931416571e+00
-1.307132762401466142e-01	-6.688407844702768390e-01	1.479298017712096680e+00
-1.340358897818517692e-01	-6.613756481019814615e-01	1.509368019361602364e+00
-1.373208378496088566e-01	-6.537613561488824221e-01	1.539012784886779173e+00
-1.405673806618833455e-01	-6.460000488969276367e-01	1.568225928208789810e+00
-1.437747891968161051e-01	-6.380938981643420327e-01	1.597001211350573158e+00
-1.469423453442894878e-01	-6.300451065589832700e-01	1.625332545541198215e+00
-1.500693420536647338e-01	-6.218559067304043619e-01	1.653213992236260310e+00
-1.531550834771221448e-01	-6.135285606170131079e-01	1.680639764054717489e+00
-1.561988851158432612e-01	-6.050653587182337478e-01	1.707604162739016829e+00
-1.592000742419216186e-01	-5.964686204894273924e-01	1.734101417226895592e+00
-1.621579897472723575e-01	-5.877406924482806438e-01	1.760126363159088214e+00
-1.650719821967489287e-01	-5.788839471178793827e-01	1.785673780968409119e+00
-1.679414140651346310e-01	-5.699007827255351266e-01	1.810738599289607009e+00
-1.707656598606325793e-01	-5.607936224625269528e-01	1.835315894887230570e+00
-1.735441062440497562e-01	-5.515649137445506334e-01	1.859400892467363064e+00
-1.762761521436293499e-01	-5.422171274733571522e-01	1.882988964384537667e+00
-1.789612088654674305e-01	-5.327527573001175076e-01	1.906075630246675701e+00
-1.815987001994637806e-01	-5.231743188910099596e-01	1.928656556416683543e+00
-1.841880625341199007e-01	-5.134843491964861117e-01	1.950727553877555920e+00
-1.867287452818880422e-01	-5.036854057454296374e-01	1.972284575656829020e+00
-1.892202106128673122e-01	-4.937800658958876876e-01	1.993323727270308154e+00
-1.916619335103099953e-01	-4.837709261125315852e-01	2.013841254218164067e+00
-1.940534019681124656e-01	-4.736606012589798520e-01	2.033833544604107146e+00
-1.963941170779348599e-01	-4.634517238881891155e-01	2.053297128010171946e+00
-1.986835931121931631e-01	-4.531469435387088240e-01	2.072228674269865678e+00
-2.009213576028869297e-01	-4.427489260373429492e-01	2.090624992137406934e+00
-2.031069514162409106e-01	-4.322603528086982339e-01	2.108483027854305192e+00
-2.052399288231241126e-01	-4.216839201921626090e-01	2.125799863612201079e+00
-2.073198575835759061e-01	-4.110223387043863696e-01	2.142572801665323823e+00
